# PILOT

## Stats for each User
### User 1 (15D1297BBD1)
GrowingFinals	21.69 (6.00)	3.94 (0.99)	7.34 (6.96)	87.08 (11.73)
PinyinSyllables	15.89 (4.09)	3.07 (0.72)	10.46 (7.05)	81.97 (10.97)
StandardQwerty	26.61 (8.87)	3.52 (0.64)	9.16 (5.76)	83.99 (9.30)
### User 2 (15D15A08A88)
GrowingFinals	21.19 (4.73)	3.39 (0.84)	2.29 (3.67)	95.77 (6.62)
PinyinSyllables	23.06 (5.20)	2.59 (0.45)	5.38 (5.74)	90.76 (9.37)
StandardQwerty	19.93 (6.44)	3.48 (1.13)	9.76 (7.97)	83.51 (12.79)
### User 3 (15D167F33F0)
GrowingFinals	20.12 (7.89)	3.95 (1.13)	11.88 (7.27)	80.64 (11.03)
PinyinSyllables	16.71 (5.39)	3.18 (0.76)	11.25 (7.22)	80.79 (11.73)
StandardQwerty	28.33 (7.93)	3.47 (0.71)	11.76 (7.87)	80.80 (12.14)
### User 4 (15D17F5D8DE)
GrowingFinals	20.49 (4.05)	3.30 (0.60)	3.87 (4.92)	93.20 (8.50)
PinyinSyllables	16.95 (5.61)	3.08 (0.92)	8.44 (7.78)	86.00 (12.29)
StandardQwerty	21.95 (6.04)	3.59 (0.95)	11.51 (6.79)	80.38 (10.79)
### User 5 (15D1ABF11ED)
GrowingFinals	17.23 (6.81)	3.92 (1.30)	9.78 (8.10)	83.66 (13.50)
PinyinSyllables	17.46 (6.42)	2.90 (0.66)	11.14 (6.14)	81.34 (10.24)
StandardQwerty	19.96 (9.84)	4.10 (2.00)	15.69 (8.53)	73.90 (13.13)
### User 6 (15D1BE4BE42)
GrowingFinals	12.24 (3.69)	4.19 (0.97)	8.52 (7.71)	85.18 (12.44)
PinyinSyllables	16.42 (4.73)	2.82 (0.60)	6.82 (5.23)	88.18 (8.66)
StandardQwerty	12.77 (4.27)	4.55 (1.66)	12.90 (7.54)	78.03 (11.45)
### User 7 (15D1C6F3479)
GrowingFinals	15.90 (3.26)	3.86 (0.81)	10.63 (7.07)	82.14 (11.15)
PinyinSyllables	17.17 (5.44)	3.23 (0.81)	8.33 (6.31)	85.44 (10.70)
StandardQwerty	30.96 (11.69)	2.57 (0.83)	7.90 (7.15)	86.51 (11.61)
### User 8 (15D1FFF44BD)
GrowingFinals	20.54 (4.60)	3.09 (0.61)	5.87 (5.19)	89.65 (8.85)
PinyinSyllables	22.49 (5.83)	2.50 (0.41)	7.33 (6.44)	87.53 (10.98)
StandardQwerty	21.47 (8.31)	3.56 (1.43)	14.72 (8.84)	75.39 (13.28)
### User 9 (15D210C7136)
GrowingFinals	15.32 (4.38)	4.33 (1.32)	6.46 (7.60)	88.76 (12.58)
PinyinSyllables	10.95 (3.56)	3.79 (1.33)	13.28 (8.59)	77.97 (12.89)
StandardQwerty	13.53 (4.91)	4.86 (1.41)	10.35 (7.65)	82.38 (12.23)
### User 10 (15D217ACFA6)
GrowingFinals	15.68 (4.31)	3.48 (0.61)	7.09 (5.95)	88.37 (9.67)
PinyinSyllables	15.08 (11.04)	2.86 (1.01)	11.25 (14.06)	83.21 (16.09)
StandardQwerty	14.82 (5.07)	3.90 (1.15)	13.09 (8.63)	78.73 (14.02)
### User 11 (15D21C2AEBB)
GrowingFinals	21.48 (4.88)	3.43 (0.64)	7.53 (5.36)	86.46 (9.39)
PinyinSyllables	23.10 (5.50)	2.75 (0.50)	6.61 (5.89)	88.16 (10.29)
StandardQwerty	24.54 (9.60)	3.76 (1.68)	13.66 (7.80)	76.95 (11.98)
### User 12 (15D2528FA3F)
GrowingFinals	16.05 (5.43)	3.53 (1.37)	9.77 (8.70)	83.75 (13.23)
PinyinSyllables	20.28 (6.50)	2.72 (0.84)	8.09 (8.60)	86.57 (13.68)
StandardQwerty	25.12 (10.73)	2.71 (1.01)	11.35 (8.52)	81.22 (13.42)
### User 13 (15D2A5DEC20)
GrowingFinals	18.63 (6.38)	4.49 (1.53)	9.44 (8.39)	84.18 (13.21)
PinyinSyllables	17.51 (6.88)	3.09 (1.14)	9.79 (8.73)	84.39 (13.90)
StandardQwerty	20.06 (4.98)	4.31 (1.10)	13.06 (6.29)	77.73 (10.26)
### User 14 (15D2BEEE130)
GrowingFinals	29.68 (10.32)	3.68 (1.21)	9.49 (7.38)	84.03 (12.16)
PinyinSyllables	27.09 (8.85)	3.04 (0.86)	11.73 (6.08)	80.28 (9.46)
StandardQwerty	32.40 (11.10)	4.44 (1.32)	13.97 (7.88)	76.45 (12.14)
### User 15 (15D2CB98F33)
GrowingFinals	24.60 (5.92)	3.22 (0.63)	5.60 (5.66)	90.10 (9.42)
PinyinSyllables	17.48 (4.91)	3.13 (0.68)	12.49 (6.82)	78.56 (10.84)
StandardQwerty	23.42 (9.04)	4.07 (1.03)	14.34 (7.75)	75.81 (11.97)

## Stats for each Keyboard
GrowingFinals	19.39 (7.13)	3.72 (1.10)	7.72 (7.26)	86.84 (11.79)
PinyinSyllables	18.51 (7.36)	2.98 (0.87)	9.49 (8.00)	84.08 (12.21)
StandardQwerty	22.39 (10.05)	3.79 (1.40)	12.21 (8.00)	79.45 (12.59)

## Stats for each Block
GrowingFinals Block 1	17.17 (6.18)	3.81 (1.10)	8.70 (7.69)	85.47 (12.25)
GrowingFinals Block 2	19.49 (7.28)	3.71 (1.03)	7.50 (6.84)	86.93 (11.40)
GrowingFinals Block 3	20.50 (7.85)	3.75 (1.36)	8.25 (8.47)	86.14 (13.38)
GrowingFinals Block 4	19.89 (6.01)	3.64 (0.97)	7.13 (6.79)	87.69 (11.29)
GrowingFinals Block 5	19.89 (7.64)	3.70 (0.97)	7.00 (6.14)	87.99 (10.17)
PinyinSyllables Block 1	17.82 (8.50)	3.25 (1.07)	12.39 (10.56)	79.96 (13.97)
PinyinSyllables Block 2	18.01 (7.18)	3.02 (0.83)	10.07 (7.60)	82.89 (12.16)
PinyinSyllables Block 3	19.43 (6.25)	2.82 (0.84)	8.78 (6.93)	85.00 (11.30)
PinyinSyllables Block 4	19.57 (6.91)	2.77 (0.59)	7.39 (6.21)	87.52 (10.23)
PinyinSyllables Block 5	17.73 (7.58)	3.06 (0.87)	8.84 (7.10)	85.00 (11.77)
StandardQwerty Block 1	20.18 (7.58)	4.11 (1.65)	14.54 (8.73)	75.93 (13.66)
StandardQwerty Block 2	22.51 (9.72)	3.79 (1.41)	12.55 (7.32)	78.60 (11.65)
StandardQwerty Block 3	26.48 (13.07)	3.49 (1.39)	11.29 (8.51)	80.90 (13.31)
StandardQwerty Block 4	22.07 (8.38)	3.64 (0.96)	11.35 (7.36)	80.96 (11.45)
StandardQwerty Block 5	20.72 (9.34)	3.92 (1.41)	11.34 (7.47)	80.87 (11.91)

## Total
Total Count: 1124 samples
Total Time: 8.3 hours

