# PILOT

## Stats for each User
### User 1 (15D1297BBD1)
GrowingFinals	21.69 (6.12)	3.94 (1.01)	7.34 (7.11)	87.08 (11.97)
PinyinSyllables	15.89 (4.17)	3.07 (0.73)	10.46 (7.19)	81.97 (11.20)
StandardQwerty	26.61 (9.05)	3.52 (0.66)	9.16 (5.88)	83.99 (9.49)
### User 2 (15D15A08A88)
GrowingFinals	21.19 (4.83)	3.39 (0.86)	2.29 (3.75)	95.77 (6.76)
PinyinSyllables	23.06 (5.31)	2.59 (0.46)	5.38 (5.86)	90.76 (9.57)
StandardQwerty	19.93 (6.57)	3.48 (1.16)	9.76 (8.13)	83.51 (13.05)
### User 3 (15D167F33F0)
GrowingFinals	20.12 (8.05)	3.95 (1.16)	11.88 (7.42)	80.64 (11.25)
PinyinSyllables	16.71 (5.50)	3.18 (0.78)	11.25 (7.37)	80.79 (11.97)
StandardQwerty	28.33 (8.10)	3.47 (0.72)	11.76 (8.03)	80.80 (12.39)
### User 4 (15D17F5D8DE)
GrowingFinals	20.49 (4.14)	3.30 (0.62)	3.87 (5.02)	93.20 (8.68)
PinyinSyllables	16.95 (5.73)	3.08 (0.94)	8.44 (7.94)	86.00 (12.55)
StandardQwerty	21.95 (6.16)	3.59 (0.97)	11.51 (6.93)	80.38 (11.01)
### User 5 (15D1ABF11ED)
GrowingFinals	17.23 (6.96)	3.92 (1.33)	9.78 (8.26)	83.66 (13.78)
PinyinSyllables	17.46 (6.56)	2.90 (0.67)	11.14 (6.26)	81.34 (10.45)
StandardQwerty	19.96 (10.05)	4.10 (2.04)	15.69 (8.71)	73.90 (13.40)
### User 6 (15D1BE4BE42)
GrowingFinals	12.24 (3.77)	4.19 (0.99)	8.52 (7.87)	85.18 (12.70)
PinyinSyllables	16.42 (4.83)	2.82 (0.62)	6.82 (5.34)	88.18 (8.84)
StandardQwerty	12.77 (4.36)	4.55 (1.70)	12.90 (7.69)	78.03 (11.68)
### User 7 (15D1C6F3479)
GrowingFinals	15.90 (3.32)	3.86 (0.82)	10.63 (7.22)	82.14 (11.38)
PinyinSyllables	17.17 (5.55)	3.23 (0.83)	8.33 (6.45)	85.44 (10.92)
StandardQwerty	30.96 (11.93)	2.57 (0.84)	7.90 (7.30)	86.51 (11.85)
### User 8 (15D1FFF44BD)
GrowingFinals	20.54 (4.70)	3.09 (0.62)	5.87 (5.30)	89.65 (9.04)
PinyinSyllables	22.49 (5.95)	2.50 (0.42)	7.33 (6.58)	87.53 (11.20)
StandardQwerty	21.47 (8.49)	3.56 (1.46)	14.72 (9.02)	75.39 (13.55)
### User 9 (15D210C7136)
GrowingFinals	15.32 (4.47)	4.33 (1.34)	6.46 (7.75)	88.76 (12.84)
PinyinSyllables	10.95 (3.63)	3.79 (1.35)	13.28 (8.76)	77.97 (13.16)
StandardQwerty	13.53 (5.01)	4.86 (1.44)	10.35 (7.80)	82.38 (12.48)
### User 10 (15D217ACFA6)
GrowingFinals	15.68 (4.40)	3.48 (0.62)	7.09 (6.08)	88.37 (9.87)
PinyinSyllables	15.08 (11.27)	2.86 (1.03)	11.25 (14.35)	83.21 (16.42)
StandardQwerty	14.82 (5.18)	3.90 (1.17)	13.09 (8.80)	78.73 (14.31)
### User 11 (15D21C2AEBB)
GrowingFinals	21.48 (4.98)	3.43 (0.65)	7.53 (5.47)	86.46 (9.58)
PinyinSyllables	23.10 (5.61)	2.75 (0.51)	6.61 (6.01)	88.16 (10.50)
StandardQwerty	24.54 (9.80)	3.76 (1.71)	13.66 (7.96)	76.95 (12.23)
### User 12 (15D2528FA3F)
GrowingFinals	16.05 (5.54)	3.53 (1.40)	9.77 (8.88)	83.75 (13.51)
PinyinSyllables	20.28 (6.64)	2.72 (0.86)	8.09 (8.78)	86.57 (13.96)
StandardQwerty	25.12 (10.95)	2.71 (1.03)	11.35 (8.70)	81.22 (13.69)
### User 13 (15D2A5DEC20)
GrowingFinals	18.63 (6.51)	4.49 (1.57)	9.44 (8.56)	84.18 (13.48)
PinyinSyllables	17.51 (7.03)	3.09 (1.16)	9.79 (8.91)	84.39 (14.19)
StandardQwerty	20.06 (5.08)	4.31 (1.12)	13.06 (6.42)	77.73 (10.47)
### User 14 (15D2BEEE130)
GrowingFinals	29.68 (10.53)	3.68 (1.23)	9.49 (7.53)	84.03 (12.41)
PinyinSyllables	27.09 (9.03)	3.04 (0.88)	11.73 (6.21)	80.28 (9.66)
StandardQwerty	32.40 (11.33)	4.44 (1.35)	13.97 (8.04)	76.45 (12.39)
### User 15 (15D2CB98F33)
GrowingFinals	24.60 (6.04)	3.22 (0.64)	5.60 (5.77)	90.10 (9.62)
PinyinSyllables	17.48 (5.01)	3.13 (0.70)	12.49 (6.96)	78.56 (11.06)
StandardQwerty	23.42 (9.23)	4.07 (1.05)	14.34 (7.91)	75.81 (12.22)

## Stats for each Keyboard
GrowingFinals	19.39 (4.30)	3.72 (0.42)	7.70 (2.61)	86.86 (4.16)	914.82 (255.23)	0.72 (0.11)	1038.45 (208.05)
PinyinSyllables	18.51 (4.01)	2.98 (0.31)	9.49 (2.39)	84.08 (3.85)	979.96 (291.91)	0.72 (0.09)	1397.50 (291.13)
StandardQwerty	22.39 (5.90)	3.79 (0.63)	12.21 (2.22)	79.45 (3.61)	837.77 (268.03)	0.71 (0.08)	995.37 (227.28)

## Stats for each Block
GrowingFinals Block 1	17.17 (6.22)	3.81 (1.11)	8.70 (7.74)	85.47 (12.33)
GrowingFinals Block 2	19.49 (7.33)	3.71 (1.04)	7.50 (6.89)	86.93 (11.48)
GrowingFinals Block 3	20.50 (7.91)	3.75 (1.37)	8.25 (8.53)	86.14 (13.47)
GrowingFinals Block 4	19.89 (6.05)	3.64 (0.97)	7.13 (6.84)	87.69 (11.36)
GrowingFinals Block 5	19.89 (7.70)	3.70 (0.97)	7.00 (6.18)	87.99 (10.24)
PinyinSyllables Block 1	17.82 (8.55)	3.25 (1.07)	12.39 (10.63)	79.96 (14.06)
PinyinSyllables Block 2	18.01 (7.22)	3.02 (0.83)	10.07 (7.65)	82.89 (12.24)
PinyinSyllables Block 3	19.43 (6.29)	2.82 (0.85)	8.78 (6.97)	85.00 (11.38)
PinyinSyllables Block 4	19.57 (6.96)	2.77 (0.60)	7.39 (6.25)	87.52 (10.30)
PinyinSyllables Block 5	17.73 (7.63)	3.06 (0.88)	8.84 (7.14)	85.00 (11.85)
StandardQwerty Block 1	20.18 (7.63)	4.11 (1.66)	14.54 (8.79)	75.93 (13.75)
StandardQwerty Block 2	22.51 (9.78)	3.79 (1.42)	12.55 (7.37)	78.60 (11.73)
StandardQwerty Block 3	26.48 (13.16)	3.49 (1.40)	11.29 (8.57)	80.90 (13.40)
StandardQwerty Block 4	22.07 (8.44)	3.64 (0.97)	11.35 (7.41)	80.96 (11.52)
StandardQwerty Block 5	20.72 (9.41)	3.92 (1.42)	11.34 (7.52)	80.87 (11.99)

## Total
Total Count: 1124 samples
Total Time: 8.3 hours

## ANOVA (CCPM)
21.693383785908658	15.891909400999436	26.611929314135793	
21.18948461435408	23.062570326635168	19.927411436787807	
20.124783004817733	16.714813585864828	28.327973787095548	
20.494991390714663	16.952684460484857	21.952097947086404	
17.233207082464304	17.4588596451166	19.96044821082975	
12.242883651156253	16.418819592959338	12.770097947247436	
15.901510615751176	17.17036003350742	30.963378318598938	
20.540613259236284	22.49072745430672	21.47084766723107	
15.324428623346524	10.94653775318918	13.527455516484421	
15.679847188745061	15.081733416566685	14.821154366931014	
21.481604855326474	23.103421661392044	24.54459296596053	
16.05168544872399	20.283257766555316	25.117319105972665	
18.629350084532028	17.51069656170882	20.0583097958264	
29.684778068664855	27.094598556497175	32.404450502636365	
24.597971613340814	17.4837913206219	23.420070725157988	

## ANOVA (TER)
0.07342609407789964	0.10458702595102203	0.09157176871617581	
0.02287029945522194	0.05384341149047032	0.09762341353355747	
0.11877596089520318	0.11252954777739795	0.11760906946937039	
0.0386813507643275	0.08444098937739673	0.1150762591180441	
0.09784574884413877	0.11144514961930949	0.15692549646580534	
0.0851799909664615	0.06822327076163394	0.1290037912350368	
0.10630540987927967	0.08328460824705287	0.07896436204150828	
0.058708189736421806	0.07327355764440163	0.1472205693892549	
0.06460706468218218	0.13277561410137878	0.10354144851566292	
0.07087178973325006	0.1125401715383961	0.13088882953428269	
0.07531214608623685	0.06614159679329959	0.1366180892778991	
0.09765146756934406	0.0809401499138988	0.11345900333174377	
0.09435570680356951	0.09789380702049233	0.13057652826523503	
0.09489037580432433	0.11731776094562471	0.1397183266216037	
0.05600776912481556	0.12494568265280864	0.14343944642653778	

## ANOVA (KSPCC)
3.938365079365079	3.067843156843157	3.5165439005439003	
3.3909167221667222	2.5944285714285713	3.4785641025641025	
3.9527460317460315	3.18420202020202	3.470111111111111	
3.2998210678210675	3.0834065934065933	3.5863174603174603	
3.918333333333333	2.9038473748473748	4.100836385836385	
4.189329004329005	2.816380952380952	4.547388278388278	
3.8634749694749697	3.232779775779776	2.5702698412698415	
3.091653346653347	2.4967460317460315	3.562000111000111	
4.332365079365079	3.790976800976801	4.856173049173049	
3.483652014652015	2.856829725829726	3.8986507936507935	
3.4256111666111666	2.7454761904761904	3.7606007326007322	
3.528801864801865	2.7221383061383064	2.708619047619048	
4.494797313797314	3.0852851037851035	4.310506271506272	
3.6797997557997557	3.0399047619047623	4.435833610833611	
3.2240793650793647	3.130727716727717	4.071535353535354	

